
4.00 
31.00 
30 
68.70 
68.00 
33.00 
59.52 
4.56 
1054.26 
206.04 
12.00 
1003.00 
5.00 
36.00 
32 
67.80 
65.00 
32.00 
59.55 
5.67 
1119.79 
180.55 
12.30 
1009.00 
1.20 
33.00 
31 
73.35 
72.00 
36.00 
60.30 
4.86 
1120.17 
196.48 
13.00 
1007.00 
3.00 
34.00 
32 
74.98 
72.50 
37.00 
59.52 
5.43 
1064.54 
222.9 
13.30 
900.00 
1.40 
38.00 
34 
69.83 
69.00 
38.00 
60.27 
4.9 
909.12 
156.18 
14.00 
987.00 
2.20 
37.00 
35 
67.15 
65.80 
40.00 
60.15 
5.05 
912.75 
152.5 
14.30 
937.00 
3.0